[portal]
x=3214.251953
y=4234.706543
z=43.742771
x2=2561.732666
y2=-1348.990234
z2=45.816826
title=Press E to Exit
title2=Press E to Enter
