[portal]
x=3138.395996
y=4133.175293
z=53.057880
x2=2203.038330
y2=-990.177917
z2=40.459846
title=Press E to Exit
title2=Press E to Enter
