[portal]
x=3346.595947
y=4134.371582
z=62.048782
x2=2304.172363
y2=-1071.609863
z2=40.635048
title=Press E to Exit
title2=Press E to Enter
