[portal]
x=3560.668213
y=4103.954102
z=40.319809
x2=2264.545898
y2=-1391.080078
z2=40.229458
title=Press E to Exit
title2=Press E to Enter
