[portal]
x=3516.549805
y=4273.030273
z=50.465416
x2=2891.153809
y2=-1229.717041
z2=45.001293
title=Press E to Exit
title2=Press E to Enter
