[portal]
x=3600.197754
y=4136.474121
z=40.005920
x2=2249.582764
y2=-1454.677856
z2=40.940701
title=Press E to Exit
title2=Press E to Enter
